2016 01 02 21 57
2016 01 04 05 28
2016 01 05 06 39
2016 01 05 14 48
2016 01 06 20 31
2016 01 07 13 28
2016 01 08 18 13
2016 01 09 19 38
2016 01 10 20 37
2016 01 11 03 54
2016 01 13 06 55
2016 01 13 13 57
2016 01 14 04 01
2016 01 17 07 13
2016 01 18 17 14
2016 01 21 13 58
2016 01 22 03 59
2016 01 24 00 55
2016 01 26 21 38
2016 01 27 01 56
2016 01 28 05 11
2016 01 28 18 54
2016 02 01 05 26
2016 02 01 12 16
2016 02 02 11 02
2016 02 03 07 32
2016 02 03 21 02
2016 02 04 00 35
2016 02 05 12 17
2016 02 07 08 11
2016 02 09 03 39
2016 02 09 19 07
2016 02 10 12 06
2016 02 10 23 30
2016 02 11 03 15
2016 02 11 04 48
2016 02 14 18 31
2016 02 15 01 55
2016 02 15 11 02
2016 02 15 13 11
2016 02 16 06 48
2016 02 16 22 41
2016 02 18 07 33
2016 02 18 17 42
2016 02 19 20 53
2016 02 21 16 34
2016 02 23 15 31
2016 02 24 14 00
2016 02 27 07 04
2016 02 27 08 08
2016 02 28 15 38
2016 02 28 21 18
2016 03 01 03 03
2016 03 02 01 22
2016 03 03 09 04
2016 03 04 14 03
2016 03 05 08 25
2016 03 05 14 37
2016 03 06 08 59
2016 03 06 14 41
2016 03 07 12 50
2016 03 08 05 30
2016 03 08 05 51
2016 03 08 08 17
2016 03 08 09 08
2016 03 09 02 48
2016 03 09 20 27
2016 03 11 14 36
2016 03 12 21 30
2016 03 14 07 30
2016 03 14 08 48
2016 03 15 16 53
2016 03 15 23 53
2016 03 17 16 40
2016 03 18 23 05
2016 03 19 14 41
2016 03 20 02 38
2016 03 22 12 58
2016 03 23 05 06
2016 03 27 17 38
2016 03 28 15 33
2016 04 02 21 15
2016 04 05 11 02
2016 04 06 06 48
2016 04 08 14 38
2016 04 11 00 51
2016 04 11 04 20
2016 04 11 08 00
2016 04 11 19 00
2016 04 12 18 18
2016 04 13 12 37
2016 04 14 11 34
2016 04 16 04 18
2016 04 17 00 36
2016 04 17 12 00
2016 04 19 14 12
2016 04 20 13 17
2016 04 23 14 16
2016 04 23 18 38
2016 04 27 12 21
2016 04 28 11 29
2016 04 28 20 19
2016 05 01 22 47
2016 05 02 12 21
2016 05 02 17 30
2016 05 02 17 46
2016 05 04 13 50
2016 05 05 19 35
2016 05 06 20 46
2016 05 08 18 15
2016 05 10 07 16
2016 05 13 11 03
2016 05 14 14 24
2016 05 15 13 39
2016 05 16 06 15
2016 05 16 16 26
2016 05 16 22 02
2016 05 17 06 05
2016 05 19 05 22
2016 05 19 05 51
2016 05 19 20 36
2016 05 20 16 23
2016 05 21 15 43
2016 05 22 07 15
2016 05 23 14 21
2016 05 24 03 53
2016 05 25 15 16
2016 05 26 16 47
2016 05 27 05 03
2016 05 28 04 42
2016 05 28 19 59
2016 06 01 10 32
2016 06 01 13 27
2016 06 01 18 54
2016 06 03 03 37
2016 06 04 23 37
2016 06 07 19 35
2016 06 08 01 05
2016 06 09 13 48
2016 06 10 10 14
2016 06 10 12 54
2016 06 13 15 06
2016 06 14 04 14
2016 06 14 17 23
2016 06 15 17 47
2016 06 17 15 39
2016 06 17 16 03
2016 06 17 19 53
2016 06 18 12 18
2016 06 19 22 07
2016 06 23 17 10
2016 06 24 03 23
2016 06 25 10 50
2016 06 25 15 17
2016 07 03 21 24
2016 07 03 23 46
2016 07 04 16 47
2016 07 09 07 58
2016 07 10 22 53
2016 07 11 01 57
2016 07 11 12 16
2016 07 13 00 38
2016 07 17 16 48
2016 07 18 19 41
2016 07 18 21 56
2016 07 19 08 47
2016 07 21 12 13
2016 07 22 21 52
2016 07 23 19 59
2016 07 25 07 15
2016 07 25 19 27
2016 07 26 08 00
2016 07 26 08 38
2016 07 26 18 36
2016 07 28 00 54
2016 08 01 16 45
2016 08 02 22 32
2016 08 04 12 31
2016 08 05 20 35
2016 08 09 10 21
2016 08 10 22 02
2016 08 11 02 19
2016 08 11 11 04
2016 08 12 07 22
2016 08 13 15 58
2016 08 13 17 37
2016 08 17 14 10
2016 08 18 23 33
2016 08 20 17 35
2016 08 22 04 43
2016 08 22 23 02
2016 08 23 09 09
2016 08 24 23 47
2016 08 27 07 33
2016 08 28 02 35
2016 08 28 14 59
2016 08 28 20 46
2016 09 02 13 02
2016 09 02 13 09
2016 09 03 04 43
2016 09 03 12 10
2016 09 03 19 28
2016 09 04 21 48
2016 09 05 09 10
2016 09 06 22 21
2016 09 08 08 07
2016 09 08 21 37
2016 09 09 20 05
2016 09 11 06 00
2016 09 15 18 28
2016 09 17 06 12
2016 09 19 19 54
2016 09 20 06 15
2016 09 20 16 02
2016 09 21 07 09
2016 09 27 17 17
2016 10 02 00 38
2016 10 02 07 56
2016 10 02 18 29
2016 10 04 01 06
2016 10 04 06 08
2016 10 05 17 40
2016 10 07 16 03
2016 10 07 22 43
2016 10 09 19 09
2016 10 10 01 11
2016 10 10 05 14
2016 10 11 11 50
2016 10 11 22 54
2016 10 17 09 35
2016 10 21 20 11
2016 10 22 15 06
2016 10 27 06 14
2016 10 27 12 27
2016 10 27 16 27
2016 10 28 08 00
2016 10 28 13 06
2016 11 02 07 17
2016 11 04 17 00
2016 11 05 05 50
2016 11 06 07 12
2016 11 08 19 42
2016 11 10 19 24
2016 11 11 17 59
2016 11 15 21 57
2016 11 16 04 51
2016 11 16 14 49
2016 11 17 07 47
2016 11 19 09 47
2016 11 21 00 59
2016 11 21 07 49
2016 11 21 12 50
2016 11 22 02 04
2016 11 23 02 22
2016 11 23 04 36
2016 11 24 17 29
2016 11 25 02 08
2016 11 25 09 46
2016 11 25 13 47
2016 11 26 11 10
2016 11 26 12 59
2016 11 26 14 19
2016 11 26 22 54
2016 11 27 08 04
2016 11 27 20 44
2016 11 28 17 13
2016 12 01 05 31
2016 12 01 12 29
2016 12 01 15 26
2016 12 02 05 02
2016 12 02 13 38
2016 12 04 21 19
2016 12 06 20 46
2016 12 08 10 20
2016 12 08 12 08
2016 12 08 17 38
2016 12 09 09 18
2016 12 09 16 30
2016 12 09 23 03
2016 12 10 09 37
2016 12 10 18 05
2016 12 11 03 52
2016 12 11 13 02
2016 12 12 04 38
2016 12 13 12 22
2016 12 14 01 34
2016 12 17 08 43
2016 12 18 17 52
2016 12 19 03 16
2016 12 19 10 00
2016 12 21 22 33
2016 12 23 19 17
2016 12 23 20 00
2016 12 23 21 39
2016 12 24 06 03
2016 12 24 10 26
2016 12 24 22 08
2016 12 26 01 45
2016 12 27 12 08
2016 12 27 15 16
