2016 01 02 16 44
2016 01 02 16 56
2016 01 07 02 52
2016 01 09 06 57
2016 01 15 23 44
2016 01 22 02 15
2016 01 26 08 03
2016 01 27 13 08
2016 02 02 08 26
2016 02 02 13 01
2016 02 18 22 58
2016 02 23 14 17
2016 03 02 13 19
2016 03 04 14 26
2016 03 05 21 44
2016 03 14 10 06
2016 03 27 14 03
2016 04 04 21 45
2016 04 06 23 02
2016 04 09 21 22
2016 04 09 23 20
2016 04 12 09 34
2016 04 18 08 54
2016 04 21 20 52
2016 04 25 18 21
2016 04 26 00 24
2016 05 01 11 47
2016 05 03 06 52
2016 05 04 12 15
2016 05 09 07 54
2016 05 15 01 59
2016 05 20 15 33
2016 05 23 11 27
2016 05 24 18 37
2016 05 25 13 02
2016 05 25 17 45
2016 06 01 01 38
2016 06 01 01 48
2016 06 02 18 17
2016 06 09 13 43
2016 06 11 03 59
2016 06 12 12 31
2016 06 19 01 11
2016 06 21 14 37
2016 06 25 08 56
2016 06 27 12 42
2016 07 05 18 05
2016 07 07 12 09
2016 07 07 12 58
2016 07 07 13 42
2016 07 08 17 35
2016 07 11 04 37
2016 07 15 23 01
2016 07 18 10 05
2016 07 19 13 58
2016 07 22 19 27
2016 07 22 19 51
2016 07 23 13 36
2016 07 24 06 00
2016 07 27 16 01
2016 07 28 15 51
2016 08 05 20 30
2016 08 14 15 23
2016 08 18 05 38
2016 08 20 02 02
2016 08 22 05 48
2016 08 23 15 59
2016 08 26 04 07
2016 09 02 14 04
2016 09 03 12 34
2016 09 07 05 54
2016 09 10 12 37
2016 09 11 12 46
2016 09 13 05 49
2016 09 19 01 55
2016 09 20 04 13
2016 09 26 11 13
2016 09 27 10 27
2016 10 02 20 16
2016 10 11 03 49
2016 10 11 19 29
2016 10 23 21 39
2016 10 26 15 49
2016 10 26 16 37
2016 10 27 17 04
2016 11 02 11 47
2016 11 09 14 38
2016 11 12 20 49
2016 11 15 13 19
2016 11 16 09 10
2016 11 22 00 06
2016 11 25 16 04
2016 11 26 18 57
2016 11 27 21 03
2016 12 03 17 57
2016 12 04 19 42
2016 12 07 23 00
2016 12 10 12 20
2016 12 11 08 24
2016 12 14 07 39
